  -1.6444000e+05   9.0213366e+01
  -1.6419000e+05   9.1966610e+01
  -1.6401000e+05   9.2532690e+01
  -1.6353000e+05   9.1784886e+01
  -1.6288000e+05   9.2399092e+01
  -1.6269000e+05   9.2081896e+01
  -1.6258000e+05   9.1094256e+01
  -1.6223000e+05   8.6465397e+01
  -1.6199000e+05   8.4230342e+01
  -1.6178000e+05   8.3327719e+01
  -1.6137000e+05   8.3141350e+01
  -1.6122000e+05   8.2287426e+01
  -1.6111000e+05   8.0835774e+01
  -1.6085000e+05   7.5495722e+01
  -1.6069000e+05   7.2862869e+01
  -1.6055000e+05   7.1353333e+01
  -1.6040000e+05   7.0941068e+01
  -1.6008000e+05   7.1402835e+01
  -1.5964000e+05   7.4102413e+01
  -1.5879000e+05   7.7314206e+01
  -1.5839759e+05   7.7735943e+01
  -1.5822895e+05   7.6449696e+01
  -1.5802216e+05   7.7598780e+01
  -1.5754868e+05   7.2418851e+01
  -1.5748629e+05   7.4179845e+01
  -1.5741058e+05   7.5505640e+01
  -1.5725877e+05   7.6559116e+01
  -1.5684420e+05   7.5595334e+01
  -1.5670844e+05   7.6237699e+01
  -1.5644668e+05   7.6418382e+01
  -1.5625204e+05   7.7440982e+01
  -1.5608204e+05   7.8896688e+01
  -1.5513807e+05   8.2821621e+01
  -1.5498191e+05   8.2692144e+01
  -1.5487498e+05   8.3197598e+01
  -1.5449056e+05   8.6452838e+01
  -1.5428721e+05   8.6941848e+01
  -1.5423112e+05   8.6627294e+01
  -1.5417185e+05   8.7093054e+01
  -1.5393596e+05   8.7132195e+01
  -1.5347417e+05   8.6272029e+01
  -1.5235199e+05   8.2066485e+01
  -1.5083909e+05   7.9527369e+01
  -1.5050252e+05   7.8386947e+01
  -1.5014693e+05   7.6140922e+01
  -1.5009745e+05   7.6377392e+01
  -1.4984747e+05   7.5032896e+01
  -1.4978766e+05   7.5473247e+01
  -1.4971718e+05   7.5093359e+01
  -1.4954027e+05   7.6362833e+01
  -1.4921569e+05   7.6383241e+01
  -1.4891026e+05   7.8203404e+01
  -1.4887649e+05   7.8740612e+01
  -1.4858975e+05   8.0162893e+01
  -1.4818919e+05   7.8986972e+01
  -1.4812264e+05   7.7481159e+01
  -1.4806992e+05   7.6981843e+01
  -1.4792602e+05   7.9839902e+01
  -1.4770688e+05   8.1827569e+01
  -1.4764375e+05   8.3492308e+01
  -1.4755892e+05   8.4879690e+01
  -1.4704398e+05   8.8187768e+01
  -1.4640816e+05   9.0861534e+01
  -1.4473100e+05   9.5301568e+01
  -1.4389504e+05   9.8111905e+01
  -1.4273688e+05   1.0277297e+02
  -1.4228213e+05   1.0412133e+02
  -1.4225826e+05   1.0383550e+02
  -1.4200614e+05   1.0510298e+02
  -1.4130755e+05   1.0692867e+02
  -1.3949267e+05   1.1032691e+02
  -1.3808020e+05   1.1169232e+02
  -1.3730196e+05   1.1305331e+02
  -1.3627655e+05   1.1301886e+02
  -1.3481129e+05   1.1447705e+02
  -1.3343958e+05   1.1501973e+02
  -1.3175916e+05   1.1449584e+02
  -1.3141937e+05   1.1356763e+02
  -1.3126935e+05   1.1231820e+02
  -1.3110057e+05   1.1026135e+02
  -1.3083213e+05   1.0917904e+02
  -1.3071937e+05   1.0814719e+02
  -1.3056462e+05   1.0565892e+02
  -1.3026201e+05   9.9617725e+01
  -1.2990466e+05   9.6667774e+01
  -1.2937114e+05   9.6922801e+01
  -1.2909136e+05   9.7848656e+01
  -1.2877407e+05   1.0010674e+02
  -1.2836352e+05   1.0412836e+02
  -1.2809493e+05   1.0553613e+02
  -1.2784744e+05   1.0621283e+02
  -1.2708812e+05   1.0685916e+02
  -1.2663543e+05   1.0672660e+02
  -1.2651809e+05   1.0648512e+02
  -1.2630227e+05   1.0505924e+02
  -1.2604677e+05   1.0518374e+02
  -1.2587337e+05   1.0468278e+02
  -1.2562571e+05   1.0344232e+02
  -1.2518244e+05   9.9863337e+01
  -1.2489125e+05   9.8561535e+01
  -1.2477823e+05   9.8481773e+01
  -1.2324947e+05   1.0065798e+02
  -1.2267420e+05   1.0263422e+02
  -1.2238850e+05   1.0302948e+02
  -1.2225566e+05   1.0375885e+02
  -1.2223015e+05   1.0336653e+02
  -1.2221603e+05   1.0405753e+02
  -1.2213271e+05   1.0476587e+02
  -1.2136995e+05   1.0710939e+02
  -1.2120193e+05   1.0841783e+02
  -1.2060302e+05   1.1089124e+02
  -1.2005300e+05   1.1192081e+02
  -1.1971780e+05   1.1359872e+02
  -1.1937652e+05   1.1423434e+02
  -1.1840927e+05   1.1806560e+02
  -1.1820097e+05   1.1842125e+02
  -1.1782976e+05   1.2039182e+02
  -1.1694973e+05   1.2356841e+02
  -1.1638462e+05   1.2447438e+02
  -1.1594551e+05   1.2601345e+02
  -1.1521211e+05   1.2746182e+02
  -1.1489941e+05   1.2888966e+02
  -1.1424142e+05   1.3051773e+02
  -1.1382881e+05   1.3264496e+02
  -1.1258586e+05   1.3506920e+02
  -1.1145314e+05   1.3900955e+02
  -1.1034491e+05   1.4202330e+02
  -1.0929330e+05   1.4425374e+02
  -1.0800623e+05   1.4622658e+02
  -1.0579735e+05   1.4767149e+02
  -1.0527226e+05   1.4842467e+02
  -1.0505725e+05   1.4843233e+02
  -1.0472654e+05   1.4756773e+02
  -1.0359007e+05   1.4856033e+02
  -1.0275988e+05   1.4853465e+02
  -9.9732318e+04   1.4574900e+02
  -9.8781188e+04   1.4356769e+02
  -9.7505495e+04   1.3729187e+02
  -9.7051492e+04   1.3578281e+02
  -9.6705910e+04   1.3544619e+02
  -9.5576039e+04   1.3676964e+02
  -9.4164254e+04   1.3726876e+02
  -9.3454884e+04   1.3807951e+02
  -9.2758643e+04   1.3762011e+02
  -9.2561021e+04   1.3855195e+02
  -9.2039218e+04   1.3838667e+02
  -9.1792414e+04   1.3963941e+02
  -9.0320415e+04   1.3938600e+02
  -8.9974943e+04   1.3795820e+02
  -8.9880227e+04   1.3800392e+02
  -8.9535019e+04   1.3526413e+02
  -8.9179015e+04   1.3361772e+02
  -8.8963059e+04   1.3303970e+02
  -8.8697425e+04   1.3301780e+02
  -8.8466303e+04   1.3216101e+02
  -8.8114063e+04   1.3045002e+02
  -8.7856667e+04   1.2824448e+02
  -8.7521993e+04   1.2694618e+02
  -8.7255927e+04   1.2521908e+02
  -8.7094074e+04   1.2497143e+02
  -8.6238915e+04   1.2845129e+02
  -8.6025606e+04   1.2959244e+02
  -8.5895388e+04   1.3114056e+02
  -8.5578393e+04   1.3279836e+02
  -8.5491051e+04   1.3369914e+02
  -8.4847275e+04   1.3638957e+02
  -8.4699117e+04   1.3822861e+02
  -8.4575171e+04   1.4055892e+02
  -8.4157036e+04   1.4660615e+02
  -8.4051438e+04   1.4879497e+02
  -8.3905615e+04   1.5056708e+02
  -8.3695009e+04   1.5426022e+02
  -8.3673736e+04   1.5504557e+02
  -8.3597619e+04   1.5562227e+02
  -8.3484981e+04   1.5809030e+02
  -8.3439096e+04   1.5983496e+02
  -8.3410216e+04   1.6166559e+02
  -8.3354045e+04   1.6329290e+02
  -8.2366234e+04   1.9673925e+02
  -8.2054175e+04   2.1282191e+02
  -8.1936120e+04   2.1681098e+02
  -8.1560279e+04   2.4056489e+02
  -8.1437169e+04   2.4621069e+02
  -8.1363605e+04   2.5261783e+02
  -8.1044275e+04   2.7203446e+02
  -8.0438639e+04   3.1748172e+02
  -8.0320876e+04   3.2369728e+02
  -8.0203544e+04   3.3280983e+02
  -7.9991299e+04   3.4428775e+02
  -7.9777143e+04   3.5923240e+02
  -7.9487709e+04   3.7501242e+02
  -7.9150272e+04   3.8984940e+02
  -7.8868878e+04   4.0576000e+02
  -7.8608210e+04   4.1696945e+02
  -7.7892785e+04   4.5268426e+02
  -7.7048312e+04   4.8726769e+02
  -7.6876200e+04   4.9591732e+02
  -7.6413262e+04   5.1036588e+02
  -7.5758206e+04   5.4475369e+02
  -7.5238281e+04   5.6600912e+02
  -7.4493255e+04   6.0054603e+02
  -7.4164587e+04   6.1316973e+02
  -7.4051137e+04   6.1475191e+02
  -7.3994354e+04   6.1216998e+02
  -7.3217189e+04   6.4714168e+02
  -7.2810802e+04   6.7068784e+02
  -7.2676004e+04   6.8873545e+02
  -7.2576909e+04   6.9883430e+02
  -7.2494815e+04   7.0456232e+02
  -7.2252701e+04   7.1617143e+02
  -7.1677440e+04   7.5442586e+02
  -7.1156560e+04   7.8550648e+02
  -7.0949347e+04   7.9291101e+02
  -7.0801058e+04   8.0080544e+02
  -7.0712598e+04   8.0277418e+02
  -7.0571507e+04   8.1082454e+02
  -7.0472459e+04   8.1951459e+02
  -7.0318763e+04   8.4071494e+02
  -7.0167056e+04   8.5628393e+02
  -7.0101131e+04   8.6070173e+02
  -6.9968200e+04   8.7417429e+02
  -6.9833705e+04   8.8379188e+02
  -6.9495915e+04   9.1937159e+02
  -6.9405879e+04   9.3502078e+02
  -6.9270862e+04   9.4944712e+02
  -6.9203402e+04   9.6316889e+02
  -6.9145946e+04   9.7113144e+02
  -6.8865114e+04   9.9874659e+02
  -6.8775259e+04   1.0093394e+03
  -6.8716354e+04   1.0201968e+03
  -6.8642905e+04   1.0301082e+03
  -6.8508924e+04   1.0557026e+03
  -6.8153665e+04   1.1131132e+03
  -6.8003978e+04   1.1313278e+03
  -6.7774028e+04   1.1546685e+03
  -6.7714234e+04   1.1630528e+03
  -6.7535165e+04   1.1770647e+03
  -6.7314479e+04   1.1976200e+03
  -6.7149192e+04   1.2098515e+03
  -6.7046612e+04   1.2203376e+03
  -6.6842239e+04   1.2326713e+03
  -6.6663210e+04   1.2394610e+03
  -6.6432137e+04   1.2544268e+03
  -6.6352011e+04   1.2579677e+03
  -6.6187939e+04   1.2728974e+03
  -6.6111077e+04   1.2777564e+03
  -6.5987664e+04   1.2788220e+03
  -6.5838318e+04   1.2845578e+03
  -6.5716618e+04   1.2954036e+03
  -6.5595174e+04   1.3168124e+03
  -6.5449615e+04   1.3179964e+03
  -6.5387169e+04   1.3220907e+03
  -6.5265873e+04   1.3443691e+03
  -6.5188235e+04   1.3627074e+03
  -6.4999015e+04   1.3915275e+03
  -6.4927584e+04   1.4104610e+03
  -6.4857347e+04   1.4228273e+03
  -6.4829734e+04   1.4301229e+03
  -6.4791966e+04   1.4371547e+03
  -6.4677357e+04   1.4562377e+03
  -6.4609149e+04   1.4740026e+03
  -6.4583374e+04   1.4815663e+03
  -6.4569727e+04   1.4886186e+03
  -6.4517083e+04   1.5012057e+03
  -6.4481368e+04   1.5135886e+03
  -6.4424937e+04   1.5275124e+03
  -6.4371048e+04   1.5380350e+03
  -6.4313218e+04   1.5549049e+03
  -6.4095493e+04   1.5898973e+03
  -6.3963102e+04   1.6082960e+03
  -6.3797442e+04   1.6206518e+03
  -6.3721882e+04   1.6279106e+03
  -6.3676674e+04   1.6344007e+03
  -6.3423560e+04   1.6574369e+03
  -6.3371199e+04   1.6567619e+03
  -6.3272301e+04   1.6351578e+03
  -6.3250414e+04   1.6322064e+03
  -6.3228476e+04   1.6320630e+03
  -6.3184484e+04   1.6345975e+03
  -6.3145175e+04   1.6403719e+03
  -6.3112642e+04   1.6527797e+03
  -6.3051546e+04   1.6649305e+03
  -6.3029433e+04   1.6671270e+03
  -6.3007316e+04   1.6664727e+03
  -6.2962957e+04   1.6570365e+03
  -6.2932391e+04   1.6469346e+03
  -6.2852494e+04   1.6255721e+03
  -6.2769706e+04   1.5893928e+03
  -6.2719680e+04   1.5860596e+03
  -6.2673706e+04   1.5914225e+03
  -6.2595978e+04   1.6181562e+03
  -6.2504562e+04   1.6360378e+03
  -6.2467753e+04   1.6499487e+03
  -6.2440511e+04   1.6557638e+03
  -6.2352192e+04   1.6817960e+03
  -6.2309790e+04   1.6917539e+03
  -6.2291020e+04   1.6941280e+03
  -6.2130880e+04   1.6787493e+03
  -6.2099956e+04   1.6795994e+03
  -6.2068946e+04   1.6847691e+03
  -6.1999227e+04   1.7118461e+03
  -6.1940466e+04   1.7258171e+03
  -6.1714350e+04   1.7458340e+03
  -6.1530242e+04   1.7661318e+03
  -6.1426057e+04   1.7676082e+03
  -6.1375464e+04   1.7625476e+03
  -6.1347940e+04   1.7519291e+03
  -6.1302874e+04   1.7221522e+03
  -6.1280361e+04   1.7120873e+03
  -6.1257973e+04   1.7068455e+03
  -6.1213321e+04   1.7111776e+03
  -6.1190838e+04   1.7184580e+03
  -6.1177777e+04   1.7267846e+03
  -6.1145647e+04   1.7401200e+03
  -6.1123107e+04   1.7539347e+03
  -6.1078240e+04   1.7709323e+03
  -6.1060784e+04   1.7730484e+03
  -6.0963476e+04   1.7708033e+03
  -6.0847151e+04   1.7553234e+03
  -6.0823764e+04   1.7506825e+03
  -6.0772736e+04   1.7197701e+03
  -6.0755095e+04   1.7123605e+03
  -6.0731618e+04   1.7110003e+03
  -6.0704523e+04   1.7145447e+03
  -6.0639984e+04   1.7376794e+03
  -6.0605526e+04   1.7538112e+03
  -6.0597254e+04   1.7559913e+03
  -6.0572937e+04   1.7565111e+03
  -6.0548213e+04   1.7415803e+03
  -6.0523347e+04   1.7223187e+03
  -6.0473638e+04   1.6939536e+03
  -6.0448828e+04   1.6828913e+03
  -6.0424645e+04   1.6753082e+03
  -6.0399334e+04   1.6736206e+03
  -6.0324709e+04   1.6839246e+03
  -6.0296477e+04   1.6979240e+03
  -6.0251101e+04   1.7251648e+03
  -6.0224029e+04   1.7392047e+03
  -6.0202474e+04   1.7383331e+03
  -6.0169862e+04   1.7145160e+03
  -6.0154029e+04   1.7072801e+03
  -6.0129838e+04   1.7013505e+03
  -6.0098957e+04   1.6988522e+03
  -6.0046418e+04   1.6991864e+03
  -5.9962399e+04   1.7066583e+03
  -5.9906712e+04   1.7212708e+03
  -5.9888218e+04   1.7237757e+03
  -5.9866094e+04   1.7307422e+03
  -5.9852919e+04   1.7313288e+03
  -5.9834492e+04   1.7293330e+03
  -5.9794070e+04   1.7114265e+03
  -5.9770074e+04   1.7048507e+03
  -5.9748206e+04   1.7047583e+03
  -5.9698028e+04   1.7096067e+03
  -5.9625741e+04   1.7199763e+03
  -5.9569387e+04   1.7308654e+03
  -5.9505719e+04   1.7371551e+03
  -5.9481718e+04   1.7365894e+03
  -5.9434096e+04   1.7236401e+03
  -5.9410375e+04   1.7224596e+03
  -5.9394988e+04   1.7235523e+03
  -5.9268625e+04   1.7607274e+03
  -5.9222010e+04   1.7670643e+03
  -5.8607973e+04   1.8119821e+03
  -5.8423649e+04   1.8306462e+03
  -5.8124924e+04   1.8548838e+03
  -5.7916330e+04   1.8625889e+03
  -5.7773056e+04   1.8699450e+03
  -5.7676233e+04   1.8713583e+03
  -5.7632875e+04   1.8702824e+03
  -5.7609630e+04   1.8676112e+03
  -5.7586306e+04   1.8680598e+03
  -5.7539327e+04   1.8706124e+03
  -5.7418191e+04   1.8827494e+03
  -5.7315269e+04   1.8809817e+03
  -5.7279527e+04   1.8872411e+03
  -5.7246108e+04   1.8905436e+03
  -5.7188395e+04   1.8881241e+03
  -5.7118914e+04   1.8749866e+03
  -5.7095720e+04   1.8733411e+03
  -5.7072393e+04   1.8750741e+03
  -5.6939119e+04   1.8970646e+03
  -5.6909289e+04   1.8890685e+03
  -5.6886197e+04   1.8872060e+03
  -5.6863164e+04   1.8874650e+03
  -5.6819815e+04   1.8920210e+03
  -5.6747970e+04   1.8946590e+03
  -5.6702181e+04   1.8914392e+03
  -5.6634591e+04   1.8810178e+03
  -5.6617321e+04   1.8803419e+03
  -5.6522236e+04   1.8939075e+03
  -5.6455125e+04   1.8989294e+03
  -5.6420208e+04   1.9077713e+03
  -5.6402437e+04   1.9100005e+03
  -5.6288207e+04   1.8989565e+03
  -5.6254222e+04   1.8990667e+03
  -5.6186290e+04   1.8897263e+03
  -5.6155714e+04   1.8880651e+03
  -5.6118713e+04   1.8909072e+03
  -5.6023260e+04   1.9055848e+03
  -5.5940314e+04   1.9089313e+03
  -5.5918519e+04   1.9082899e+03
  -5.5861976e+04   1.9010659e+03
  -5.5812862e+04   1.9015267e+03
  -5.5770195e+04   1.9080457e+03
  -5.5729031e+04   1.9171085e+03
  -5.5631405e+04   1.9468602e+03
  -5.5553817e+04   1.9592149e+03
  -5.5465018e+04   1.9660054e+03
  -5.5398422e+04   1.9679025e+03
  -5.5357176e+04   1.9720662e+03
  -5.5316162e+04   1.9787776e+03
  -5.5275322e+04   1.9881914e+03
  -5.5252588e+04   1.9909639e+03
  -5.5239084e+04   1.9950858e+03
  -5.5115154e+04   2.0111937e+03
  -5.4975568e+04   2.0384325e+03
  -5.4956926e+04   2.0444382e+03
  -5.4901992e+04   2.0548720e+03
  -5.4809092e+04   2.0513716e+03
  -5.4750399e+04   2.0537479e+03
  -5.4729109e+04   2.0578024e+03
  -5.4716507e+04   2.0582747e+03
  -5.4685606e+04   2.0688017e+03
  -5.4651512e+04   2.0776446e+03
  -5.4636135e+04   2.0756912e+03
  -5.4597793e+04   2.0608816e+03
  -5.4575803e+04   2.0586470e+03
  -5.4556284e+04   2.0592686e+03
  -5.4523192e+04   2.0663343e+03
  -5.4506244e+04   2.0728553e+03
  -5.4457412e+04   2.0822061e+03
  -5.4425511e+04   2.0786556e+03
  -5.4376188e+04   2.0684176e+03
  -5.4331744e+04   2.0675549e+03
  -5.4278005e+04   2.0764272e+03
  -5.4223310e+04   2.0802469e+03
  -5.4182601e+04   2.0872159e+03
  -5.4154757e+04   2.0946396e+03
  -5.4124447e+04   2.1058789e+03
  -5.4081568e+04   2.1293106e+03
  -5.4061461e+04   2.1379470e+03
  -5.4041516e+04   2.1518363e+03
  -5.3992940e+04   2.1653202e+03
  -5.3980337e+04   2.1713801e+03
  -5.3964708e+04   2.1746066e+03
  -5.3946314e+04   2.1823166e+03
  -5.3909790e+04   2.2028643e+03
  -5.3873271e+04   2.2180106e+03
  -5.3857524e+04   2.2269617e+03
  -5.3817095e+04   2.2353725e+03
  -5.3799739e+04   2.2479850e+03
  -5.3781314e+04   2.2542822e+03
  -5.3762837e+04   2.2594623e+03
  -5.3744291e+04   2.2599553e+03
  -5.3693999e+04   2.2780113e+03
  -5.3669343e+04   2.2839630e+03
  -5.3593890e+04   2.2877536e+03
  -5.3574979e+04   2.2911948e+03
  -5.3536935e+04   2.3034191e+03
  -5.3480103e+04   2.3174385e+03
  -5.3443988e+04   2.3339316e+03
  -5.3429661e+04   2.3438380e+03
  -5.3405129e+04   2.3548767e+03
  -5.3386308e+04   2.3677579e+03
  -5.3373891e+04   2.3721070e+03
  -5.3367603e+04   2.3770637e+03
  -5.3349062e+04   2.3834360e+03
  -5.3330616e+04   2.3844632e+03
  -5.3293683e+04   2.3959685e+03
  -5.3278391e+04   2.3980490e+03
  -5.3275212e+04   2.4019453e+03
  -5.3266076e+04   2.4065107e+03
  -5.3238293e+04   2.4156754e+03
  -5.3197025e+04   2.4256337e+03
  -5.3116412e+04   2.4552739e+03
  -5.3102581e+04   2.4564688e+03
  -5.3038195e+04   2.4754950e+03
  -5.2983684e+04   2.4880158e+03
  -5.2942560e+04   2.5021691e+03
  -5.2929337e+04   2.5042179e+03
  -5.2902906e+04   2.5133179e+03
  -5.2838527e+04   2.5270725e+03
  -5.2820274e+04   2.5363285e+03
  -5.2807532e+04   2.5525979e+03
  -5.2780103e+04   2.5634843e+03
  -5.2765464e+04   2.5648829e+03
  -5.2725814e+04   2.5620399e+03
  -5.2692226e+04   2.5574751e+03
  -5.2618370e+04   2.5430217e+03
  -5.2510000e+04   2.5462759e+03
  -5.2210000e+04   2.5655210e+03
  -5.2140000e+04   2.5753134e+03
  -5.2050000e+04   2.5931137e+03
  -5.1850000e+04   2.6431622e+03
  -5.1640000e+04   2.6985581e+03
  -5.1500000e+04   2.7277261e+03
  -5.1430000e+04   2.7363279e+03
  -5.1320000e+04   2.7433454e+03
  -5.1110000e+04   2.7623917e+03
  -5.0850000e+04   2.7769924e+03
  -5.0580000e+04   2.7961750e+03
  -5.0470000e+04   2.7779914e+03
  -5.0300000e+04   2.7216376e+03
  -5.0270000e+04   2.7141715e+03
  -5.0219773e+04   2.7065107e+03
  -5.0205275e+04   2.7009489e+03
  -5.0154972e+04   2.6943263e+03
  -5.0090111e+04   2.6775548e+03
  -5.0015702e+04   2.6530839e+03
  -4.9960227e+04   2.6437567e+03
  -4.9916892e+04   2.6402236e+03
  -4.9873525e+04   2.6477653e+03
  -4.9822030e+04   2.6652575e+03
  -4.9790895e+04   2.6792271e+03
  -4.9764952e+04   2.6941145e+03
  -4.9699780e+04   2.6992432e+03
  -4.9656346e+04   2.7075064e+03
  -4.9580000e+04   2.7163913e+03
  -4.9560000e+04   2.7212732e+03
  -4.9530000e+04   2.7326874e+03
  -4.9480000e+04   2.7563059e+03
  -4.9440000e+04   2.7725154e+03
  -4.9420000e+04   2.7776409e+03
  -4.9398007e+04   2.7797887e+03
  -4.9265536e+04   2.7659381e+03
  -4.9147190e+04   2.7482141e+03
  -4.9122395e+04   2.7456100e+03
  -4.9097582e+04   2.7457007e+03
  -4.9047873e+04   2.7302135e+03
  -4.8973301e+04   2.7230199e+03
  -4.8948446e+04   2.7168652e+03
  -4.8923594e+04   2.7073232e+03
  -4.8898744e+04   2.6814707e+03
  -4.8888672e+04   2.6743068e+03
  -4.8873896e+04   2.6692892e+03
  -4.8824211e+04   2.6603464e+03
  -4.8675044e+04   2.6458765e+03
  -4.8550404e+04   2.6218980e+03
  -4.8450695e+04   2.5933202e+03
  -4.8400917e+04   2.5841286e+03
  -4.8351162e+04   2.5602023e+03
  -4.8320411e+04   2.5371225e+03
  -4.8301464e+04   2.5195728e+03
  -4.8276595e+04   2.5029200e+03
  -4.8251783e+04   2.4920703e+03
  -4.8226994e+04   2.4870001e+03
  -4.8177479e+04   2.4885242e+03
  -4.8140310e+04   2.4953413e+03
  -4.8103347e+04   2.5093788e+03
  -4.8078672e+04   2.5245138e+03
  -4.8029371e+04   2.5301369e+03
  -4.8004743e+04   2.5361431e+03
  -4.7980130e+04   2.5447925e+03
  -4.7955531e+04   2.5569497e+03
  -4.7900000e+04   2.5649533e+03
  -4.7840000e+04   2.5710228e+03
  -4.7780000e+04   2.5746678e+03
  -4.7704455e+04   2.5762107e+03
  -4.7636888e+04   2.5636900e+03
  -4.7612557e+04   2.5507473e+03
  -4.7588492e+04   2.5417676e+03
  -4.7564779e+04   2.5286838e+03
  -4.7541167e+04   2.5207962e+03
  -4.7518979e+04   2.5189754e+03
  -4.7479849e+04   2.5259014e+03
  -4.7454389e+04   2.5221268e+03
  -4.7432506e+04   2.5128378e+03
  -4.7388184e+04   2.4849346e+03
  -4.7365917e+04   2.4793329e+03
  -4.7299180e+04   2.4773621e+03
  -4.7268501e+04   2.4824304e+03
  -4.7231588e+04   2.4940358e+03
  -4.7090885e+04   2.5485036e+03
  -4.7085824e+04   2.5525590e+03
  -4.7062088e+04   2.5568946e+03
  -4.7011309e+04   2.5786321e+03
  -4.6996987e+04   2.5873522e+03
  -4.6854323e+04   2.6228005e+03
  -4.6763645e+04   2.6426363e+03
  -4.6715935e+04   2.6594038e+03
  -4.6692264e+04   2.6725816e+03
  -4.6676192e+04   2.6789574e+03
  -4.6565909e+04   2.7119981e+03
  -4.6408420e+04   2.7430500e+03
  -4.6272268e+04   2.7573358e+03
  -4.6213359e+04   2.7556193e+03
  -4.6093214e+04   2.7443547e+03
  -4.5991339e+04   2.7144457e+03
  -4.5970518e+04   2.7112715e+03
  -4.5949639e+04   2.7120793e+03
  -4.5907802e+04   2.7250522e+03
  -4.5803284e+04   2.7472550e+03
  -4.5782358e+04   2.7508481e+03
  -4.5698009e+04   2.7571671e+03
  -4.5655556e+04   2.7700942e+03
  -4.5549436e+04   2.7866904e+03
  -4.5528227e+04   2.7981401e+03
  -4.5507034e+04   2.7987461e+03
  -4.5464690e+04   2.7929358e+03
  -4.5400343e+04   2.7794470e+03
  -4.5357231e+04   2.7648922e+03
  -4.5335621e+04   2.7619576e+03
  -4.5291920e+04   2.7624516e+03
  -4.5203350e+04   2.7792650e+03
  -4.5158972e+04   2.7835178e+03
  -4.5092447e+04   2.7985469e+03
  -4.5025983e+04   2.8254758e+03
  -4.4915201e+04   2.8578662e+03
  -4.4893011e+04   2.8673788e+03
  -4.4760762e+04   2.8957426e+03
  -4.4738976e+04   2.9043731e+03
  -4.4695526e+04   2.9151623e+03
  -4.4608384e+04   2.9303667e+03
  -4.4586632e+04   2.9318282e+03
  -4.4564858e+04   2.9273812e+03
  -4.4543058e+04   2.9144669e+03
  -4.4521238e+04   2.8940855e+03
  -4.4499403e+04   2.8802462e+03
  -4.4485969e+04   2.8763402e+03
  -4.4455578e+04   2.8599452e+03
  -4.4411613e+04   2.8430775e+03
  -4.4345092e+04   2.8329326e+03
  -4.4322598e+04   2.8233326e+03
  -4.4276019e+04   2.7936702e+03
  -4.4230372e+04   2.7719041e+03
  -4.4209609e+04   2.7665767e+03
  -4.4169476e+04   2.7661302e+03
  -4.4109592e+04   2.7470790e+03
  -4.4069451e+04   2.7389354e+03
  -4.4049341e+04   2.7396315e+03
  -4.4009071e+04   2.7497942e+03
  -4.3887929e+04   2.7638971e+03
  -4.3806387e+04   2.7754769e+03
  -4.3744925e+04   2.7807048e+03
  -4.3729027e+04   2.7796306e+03
  -4.3663215e+04   2.7841449e+03
  -4.3462491e+04   2.8072800e+03
  -4.3374973e+04   2.8204622e+03
  -4.3332446e+04   2.8305011e+03
  -4.3289586e+04   2.8377938e+03
  -4.3247887e+04   2.8492987e+03
  -4.3191399e+04   2.8608881e+03
  -4.3153785e+04   2.8719956e+03
  -4.3132709e+04   2.8826511e+03
  -4.3117817e+04   2.8848354e+03
  -4.3090344e+04   2.8947972e+03
  -4.3063479e+04   2.9016062e+03
  -4.3035678e+04   2.9061181e+03
  -4.3008854e+04   2.9133480e+03
  -4.2994944e+04   2.9196501e+03
  -4.2981087e+04   2.9306624e+03
  -4.2941592e+04   2.9412606e+03
  -4.2862422e+04   2.9516491e+03
  -4.2788306e+04   2.9676063e+03
  -4.2757526e+04   2.9829010e+03
  -4.2753080e+04   2.9879537e+03
  -4.2745161e+04   2.9922687e+03
  -4.2666292e+04   3.0017146e+03
  -4.2638189e+04   3.0110171e+03
  -4.2626868e+04   3.0118027e+03
  -4.2611656e+04   3.0163232e+03
  -4.2597379e+04   3.0246447e+03
  -4.2570868e+04   3.0331950e+03
  -4.2552205e+04   3.0300322e+03
  -4.2527658e+04   3.0292404e+03
  -4.2478247e+04   3.0360267e+03
  -4.2459978e+04   3.0440296e+03
  -4.2393719e+04   3.0418910e+03
  -4.2339406e+04   3.0472140e+03
  -4.2220568e+04   3.0645725e+03
  -4.2162887e+04   3.0769208e+03
  -4.2136580e+04   3.0868387e+03
  -4.2110102e+04   3.1007132e+03
  -4.2093978e+04   3.1147024e+03
  -4.2067960e+04   3.1191147e+03
  -4.2054084e+04   3.1242395e+03
  -4.2037553e+04   3.1351887e+03
  -4.1983557e+04   3.1467988e+03
  -4.1965750e+04   3.1488797e+03
  -4.1947971e+04   3.1546264e+03
  -4.1935160e+04   3.1614875e+03
  -4.1893228e+04   3.1704572e+03
  -4.1823989e+04   3.1780034e+03
  -4.1788573e+04   3.1773312e+03
  -4.1752948e+04   3.1830868e+03
  -4.1735107e+04   3.1889351e+03
  -4.1699333e+04   3.1926905e+03
  -4.1681312e+04   3.1969453e+03
  -4.1626033e+04   3.1996208e+03
  -4.1589287e+04   3.2093134e+03
  -4.1461620e+04   3.2340983e+03
  -4.1358217e+04   3.2451107e+03
  -4.1282697e+04   3.2664165e+03
  -4.1265133e+04   3.2790214e+03
  -4.1241363e+04   3.2873222e+03
  -4.1226137e+04   3.2988546e+03
  -4.1212478e+04   3.2951275e+03
  -4.1192213e+04   3.3039210e+03
  -4.1145335e+04   3.3151672e+03
  -4.1125663e+04   3.3159798e+03
  -4.1091250e+04   3.3130952e+03
  -4.1056600e+04   3.3219587e+03
  -4.1004561e+04   3.3272184e+03
  -4.0881846e+04   3.3470752e+03
  -4.0864461e+04   3.3535862e+03
  -4.0848156e+04   3.3628677e+03
  -4.0846875e+04   3.3618843e+03
  -4.0829395e+04   3.3706672e+03
  -4.0798687e+04   3.3804959e+03
  -4.0781972e+04   3.3902518e+03
  -4.0739911e+04   3.4062225e+03
  -4.0665308e+04   3.4270440e+03
  -4.0607665e+04   3.4319249e+03
  -4.0452345e+04   3.4260481e+03
  -4.0357287e+04   3.4374846e+03
  -4.0278434e+04   3.4419954e+03
  -4.0223301e+04   3.4515833e+03
  -4.0178808e+04   3.4650127e+03
  -4.0158925e+04   3.4741617e+03
  -4.0099391e+04   3.4908988e+03
  -4.0059802e+04   3.4936075e+03
  -3.9960945e+04   3.4953949e+03
  -3.9901611e+04   3.4983912e+03
  -3.9822458e+04   3.5095108e+03
  -3.9782813e+04   3.5105203e+03
  -3.9703314e+04   3.5242329e+03
  -3.9663358e+04   3.5286203e+03
  -3.9570868e+04   3.5325238e+03
  -3.9551283e+04   3.5317031e+03
  -3.9522217e+04   3.5346422e+03
  -3.9420577e+04   3.5392249e+03
  -3.9379753e+04   3.5388449e+03
  -3.9168291e+04   3.5461051e+03
  -3.9111428e+04   3.5510636e+03
  -3.9027393e+04   3.5522273e+03
  -3.8964018e+04   3.5573745e+03
  -3.8857773e+04   3.5577106e+03
  -3.8793430e+04   3.5606241e+03
  -3.8554108e+04   3.5640787e+03
  -3.8241335e+04   3.5647575e+03
  -3.8081065e+04   3.5691175e+03
  -3.8059469e+04   3.5681961e+03
  -3.7929041e+04   3.5735933e+03
  -3.7842093e+04   3.5746177e+03
  -3.7798315e+04   3.5723547e+03
  -3.7732604e+04   3.5726496e+03
  -3.7599289e+04   3.5761785e+03
  -3.7508229e+04   3.5761325e+03
  -3.7458117e+04   3.5715630e+03
  -3.7394506e+04   3.5712075e+03
  -3.7372481e+04   3.5684043e+03
  -3.7326031e+04   3.5673863e+03
  -3.7233142e+04   3.5612044e+03
  -3.7197421e+04   3.5613419e+03
  -3.7132048e+04   3.5568713e+03
  -3.7090146e+04   3.5635525e+03
  -3.7070059e+04   3.5571817e+03
  -3.7046822e+04   3.5537075e+03
  -3.7023589e+04   3.5546568e+03
  -3.6883659e+04   3.5469520e+03
  -3.6827275e+04   3.5484667e+03
  -3.6789905e+04   3.5470994e+03
  -3.6766533e+04   3.5492446e+03
  -3.6608341e+04   3.5413817e+03
  -3.6488063e+04   3.5420280e+03
  -3.6396142e+04   3.5494569e+03
  -3.6373221e+04   3.5541072e+03
  -3.6304328e+04   3.5598906e+03
  -3.6281311e+04   3.5576681e+03
  -3.6258271e+04   3.5768896e+03
  -3.6235229e+04   3.5778858e+03
  -3.6212215e+04   3.5773921e+03
  -3.6166195e+04   3.5721196e+03
  -3.6097022e+04   3.5740567e+03
  -3.6004889e+04   3.5694830e+03
  -3.5935823e+04   3.5727117e+03
  -3.5820598e+04   3.5654633e+03
  -3.5751779e+04   3.5700321e+03
  -3.5659896e+04   3.5657923e+03
  -3.5636912e+04   3.5591625e+03
  -3.5613969e+04   3.5565450e+03
  -3.5522629e+04   3.5548974e+03
  -3.5433091e+04   3.5606145e+03
  -3.5388360e+04   3.5670298e+03
  -3.5298942e+04   3.5752626e+03
  -3.5186230e+04   3.5814199e+03
  -3.5147457e+04   3.5895866e+03
  -3.5097635e+04   3.5941570e+03
  -3.5052801e+04   3.5943935e+03
  -3.5030380e+04   3.5978990e+03
  -3.4985597e+04   3.6003669e+03
  -3.4940833e+04   3.6165150e+03
  -3.4896050e+04   3.6301353e+03
  -3.4852485e+04   3.6309366e+03
  -3.4828779e+04   3.6341653e+03
  -3.4789692e+04   3.6325553e+03
  -3.4761499e+04   3.6357264e+03
  -3.4705888e+04   3.6356140e+03
  -3.4584939e+04   3.6307792e+03
  -3.4506734e+04   3.6315641e+03
  -3.4440324e+04   3.6295963e+03
  -3.4386529e+04   3.6320506e+03
  -3.4338687e+04   3.6317370e+03
  -3.4192865e+04   3.6259428e+03
  -3.3980639e+04   3.6270800e+03
  -3.3883781e+04   3.6299271e+03
  -3.3714374e+04   3.6271133e+03
  -3.3592602e+04   3.6295984e+03
  -3.3492349e+04   3.6288856e+03
  -3.3366074e+04   3.6200817e+03
  -3.3340592e+04   3.6202518e+03
  -3.3238973e+04   3.6148600e+03
  -3.3200924e+04   3.6157017e+03
  -3.3087633e+04   3.6126124e+03
  -3.2986716e+04   3.6068411e+03
  -3.2886065e+04   3.6089082e+03
  -3.2646060e+04   3.6090276e+03
  -3.2506968e+04   3.6121591e+03
  -3.2455272e+04   3.6109051e+03
  -3.2251147e+04   3.5973783e+03
  -3.2073812e+04   3.5810413e+03
  -3.1987088e+04   3.5804545e+03
  -3.1894245e+04   3.5857096e+03
  -3.1727652e+04   3.5880670e+03
  -3.1656083e+04   3.5959504e+03
  -3.1386581e+04   3.6545033e+03
  -3.1337360e+04   3.6601522e+03
  -3.1290902e+04   3.6721123e+03
  -3.1247749e+04   3.6802751e+03
  -3.1184081e+04   3.6969083e+03
  -3.1162914e+04   3.6988494e+03
  -3.1119018e+04   3.7072583e+03
  -3.1082439e+04   3.7181676e+03
  -3.1062043e+04   3.7277077e+03
  -3.1040919e+04   3.7313207e+03
  -3.1014982e+04   3.7457332e+03
  -3.0993949e+04   3.7506894e+03
  -3.0972959e+04   3.7616826e+03
  -3.0952042e+04   3.7659199e+03
  -3.0884394e+04   3.7901820e+03
  -3.0721978e+04   3.8175058e+03
  -3.0679516e+04   3.8295757e+03
  -3.0658263e+04   3.8329153e+03
  -3.0615462e+04   3.8462954e+03
  -3.0507544e+04   3.8756285e+03
  -3.0485792e+04   3.8788287e+03
  -3.0463986e+04   3.8851238e+03
  -3.0442096e+04   3.8882861e+03
  -3.0420022e+04   3.8889456e+03
  -3.0375899e+04   3.9002901e+03
  -3.0286617e+04   3.9124200e+03
  -3.0256461e+04   3.9218789e+03
  -3.0128748e+04   3.9436509e+03
  -3.0105917e+04   3.9440022e+03
  -3.0014560e+04   3.9543919e+03
  -2.9945665e+04   3.9589154e+03
  -2.9872368e+04   3.9581613e+03
  -2.9690942e+04   3.9650240e+03
  -2.9620777e+04   3.9655793e+03
  -2.9550331e+04   3.9609579e+03
  -2.9479598e+04   3.9530409e+03
  -2.9432400e+04   3.9417661e+03
  -2.9390449e+04   3.9364434e+03
  -2.9338313e+04   3.9380638e+03
  -2.9314935e+04   3.9410416e+03
  -2.9291605e+04   3.9483449e+03
  -2.9245111e+04   3.9573552e+03
  -2.9198861e+04   3.9773596e+03
  -2.9175825e+04   3.9850090e+03
  -2.9152623e+04   3.9920546e+03
  -2.9083684e+04   4.0065473e+03
  -2.8971719e+04   4.0228189e+03
  -2.8905301e+04   4.0290301e+03
  -2.8750558e+04   4.0503337e+03
  -2.8728465e+04   4.0556581e+03
  -2.8662335e+04   4.0644721e+03
  -2.8596460e+04   4.0784268e+03
  -2.8552753e+04   4.0845133e+03
  -2.8508929e+04   4.0870444e+03
  -2.8266967e+04   4.0911468e+03
  -2.8192005e+04   4.0879708e+03
  -2.8086237e+04   4.0874840e+03
  -2.8021818e+04   4.0851029e+03
  -2.7826539e+04   4.0707093e+03
  -2.7766352e+04   4.0686792e+03
  -2.7720986e+04   4.0643331e+03
  -2.7653226e+04   4.0623894e+03
  -2.7563033e+04   4.0553303e+03
  -2.7517976e+04   4.0537135e+03
  -2.7315450e+04   4.0382691e+03
  -2.7247663e+04   4.0358653e+03
  -2.7178681e+04   4.0375506e+03
  -2.7085998e+04   4.0481818e+03
  -2.6948623e+04   4.0706117e+03
  -2.6582648e+04   4.1069440e+03
  -2.6356131e+04   4.1326665e+03
  -2.6311182e+04   4.1355317e+03
  -2.6198973e+04   4.1504843e+03
  -2.6176545e+04   4.1554716e+03
  -2.6131691e+04   4.1616572e+03
  -2.6019554e+04   4.1667665e+03
  -2.5929841e+04   4.1744942e+03
  -2.5840121e+04   4.1806172e+03
  -2.5817692e+04   4.1805771e+03
  -2.5795266e+04   4.1839032e+03
  -2.5527633e+04   4.2007143e+03
  -2.5200353e+04   4.2344173e+03
  -2.4922898e+04   4.2433360e+03
  -2.4838005e+04   4.2493591e+03
  -2.4731921e+04   4.2529784e+03
  -2.4625808e+04   4.2606031e+03
  -2.4604579e+04   4.2642694e+03
  -2.4562112e+04   4.2672119e+03
  -2.4413407e+04   4.2713974e+03
  -2.4349652e+04   4.2759716e+03
  -2.4264620e+04   4.2845681e+03
  -2.4115742e+04   4.2960329e+03
  -2.3838597e+04   4.3299772e+03
  -2.3710476e+04   4.3388834e+03
  -2.3603780e+04   4.3495132e+03
  -2.3369287e+04   4.3804053e+03
  -2.3283884e+04   4.3935761e+03
  -2.3241141e+04   4.4030751e+03
  -2.3105683e+04   4.4238440e+03
  -2.3048374e+04   4.4380669e+03
  -2.3026923e+04   4.4413494e+03
  -2.3005473e+04   4.4483019e+03
  -2.2898384e+04   4.4627094e+03
  -2.2877013e+04   4.4683238e+03
  -2.2834340e+04   4.4699721e+03
  -2.2813042e+04   4.4744673e+03
  -2.2786187e+04   4.4768391e+03
  -2.2749325e+04   4.4840371e+03
  -2.2601719e+04   4.5220716e+03
  -2.2580765e+04   4.5252134e+03
  -2.2497220e+04   4.5298350e+03
  -2.2370556e+04   4.5295288e+03
  -2.2267743e+04   4.5404076e+03
  -2.2227674e+04   4.5427176e+03
  -2.2206993e+04   4.5476087e+03
  -2.2186317e+04   4.5490416e+03
  -2.2165618e+04   4.5545156e+03
  -2.2136674e+04   4.5563571e+03
  -2.2124180e+04   4.5588920e+03
  -2.2059950e+04   4.5612351e+03
  -2.1916941e+04   4.5772966e+03
  -2.1896288e+04   4.5826742e+03
  -2.1875648e+04   4.5937232e+03
  -2.1834426e+04   4.6026589e+03
  -2.1793296e+04   4.6243912e+03
  -2.1772813e+04   4.6270780e+03
  -2.1752336e+04   4.6447513e+03
  -2.1731856e+04   4.6498759e+03
  -2.1650166e+04   4.6831755e+03
  -2.1609407e+04   4.6933227e+03
  -2.1568672e+04   4.6994186e+03
  -2.1548309e+04   4.7054925e+03
  -2.1527947e+04   4.7057975e+03
  -2.1487224e+04   4.7116046e+03
  -2.1446500e+04   4.7141723e+03
  -2.1426137e+04   4.7190255e+03
  -2.1385405e+04   4.7336171e+03
  -2.1365035e+04   4.7355398e+03
  -2.1324289e+04   4.7489721e+03
  -2.1263151e+04   4.7594059e+03
  -2.1181594e+04   4.7611861e+03
  -2.1100022e+04   4.7672661e+03
  -2.1038832e+04   4.7584566e+03
  -2.0814503e+04   4.7453912e+03
  -2.0712620e+04   4.7419832e+03
  -2.0610809e+04   4.7505507e+03
  -2.0549748e+04   4.7425953e+03
  -2.0407300e+04   4.7321835e+03
  -2.0305523e+04   4.7298366e+03
  -2.0264796e+04   4.7302699e+03
  -2.0224061e+04   4.7331562e+03
  -2.0211798e+04   4.7320909e+03
  -2.0183330e+04   4.7351335e+03
  -2.0122238e+04   4.7359600e+03
  -1.9898471e+04   4.7453420e+03
  -1.9878140e+04   4.7477984e+03
  -1.9772359e+04   4.7523472e+03
  -1.9715496e+04   4.7575649e+03
  -1.9634172e+04   4.7710149e+03
  -1.9593508e+04   4.7836618e+03
  -1.9573175e+04   4.7854513e+03
  -1.9532510e+04   4.7951820e+03
  -1.9523608e+04   4.7949410e+03
  -1.9491845e+04   4.8009131e+03
  -1.9451178e+04   4.8041163e+03
  -1.9430845e+04   4.8079151e+03
  -1.9329173e+04   4.8192695e+03
  -1.9288503e+04   4.8270900e+03
  -1.9268168e+04   4.8394591e+03
  -1.9247832e+04   4.8440810e+03
  -1.9207161e+04   4.8517262e+03
  -1.9166489e+04   4.8566059e+03
  -1.9125816e+04   4.8651263e+03
  -1.9085143e+04   4.8685351e+03
  -1.9024132e+04   4.8803859e+03
  -1.8942784e+04   4.8919851e+03
  -1.8881771e+04   4.9051301e+03
  -1.8841095e+04   4.9080108e+03
  -1.8698729e+04   4.9251480e+03
  -1.8617376e+04   4.9326454e+03
  -1.8495345e+04   4.9405743e+03
  -1.8417854e+04   4.9542814e+03
  -1.8352974e+04   4.9630707e+03
  -1.8291957e+04   4.9684604e+03
  -1.8230939e+04   4.9701424e+03
  -1.8047888e+04   4.9831112e+03
  -1.7986870e+04   5.0000056e+03
  -1.7824158e+04   5.0180629e+03
  -1.7803818e+04   5.0237010e+03
  -1.7760000e+04   5.0293523e+03
  -1.7600000e+04   5.0651880e+03
  -1.7450000e+04   5.0964027e+03
  -1.6850000e+04   5.2159885e+03
  -1.6590000e+04   5.2736311e+03
  -1.6510000e+04   5.2955130e+03
  -1.6440000e+04   5.3206723e+03
  -1.6250000e+04   5.3955839e+03
  -1.6120000e+04   5.4423253e+03
  -1.6030000e+04   5.4722744e+03
  -1.5810000e+04   5.5407502e+03
  -1.5650000e+04   5.5958720e+03
  -1.5610000e+04   5.6076807e+03
  -1.5570000e+04   5.6168519e+03
  -1.5530000e+04   5.6236242e+03
  -1.5480000e+04   5.6290345e+03
  -1.5430000e+04   5.6316460e+03
  -1.5380000e+04   5.6312003e+03
  -1.5330000e+04   5.6281881e+03
  -1.5270000e+04   5.6219123e+03
  -1.5160000e+04   5.6035410e+03
  -1.4950000e+04   5.5583803e+03
  -1.4810000e+04   5.5332308e+03
  -1.4710000e+04   5.5208101e+03
  -1.4620000e+04   5.5179752e+03
  -1.4520000e+04   5.5229434e+03
  -1.4380000e+04   5.5383399e+03
  -1.4080000e+04   5.5653339e+03
  -1.3820000e+04   5.5916681e+03
  -1.3660000e+04   5.6003952e+03
  -1.3560000e+04   5.6016992e+03
  -1.3430000e+04   5.6002455e+03
  -1.3060000e+04   5.5865172e+03
  -1.2600000e+04   5.5884303e+03
  -1.2430000e+04   5.5921018e+03
  -1.2160000e+04   5.6072154e+03
  -1.2040000e+04   5.6116814e+03
  -1.1830000e+04   5.6099791e+03
  -1.1570000e+04   5.6142929e+03
  -1.1270000e+04   5.6141761e+03
  -1.0930000e+04   5.6176419e+03
  -1.0400000e+04   5.6361066e+03
  -1.0110000e+04   5.6607576e+03
  -1.0000000e+04   5.6672496e+03
  -9.7800000e+03   5.6737350e+03
  -9.5700000e+03   5.6826806e+03
  -9.2800000e+03   5.6886947e+03
  -9.0900000e+03   5.6984748e+03
  -8.9700000e+03   5.7083855e+03
  -8.8700000e+03   5.7200207e+03
  -8.7700000e+03   5.7361360e+03
  -8.5900000e+03   5.7696037e+03
  -8.4400000e+03   5.7891624e+03
  -8.3500000e+03   5.8099958e+03
  -8.1500000e+03   5.8685299e+03
  -8.1000000e+03   5.8792511e+03
  -8.0500000e+03   5.8866499e+03
  -7.9500000e+03   5.8961660e+03
  -7.6800000e+03   5.9084182e+03
  -7.5200000e+03   5.9224276e+03
  -7.2300000e+03   5.9430441e+03
  -6.9900000e+03   5.9565847e+03
  -6.9200000e+03   5.9642143e+03
  -6.8600000e+03   5.9748523e+03
  -6.7700000e+03   5.9942264e+03
  -6.6300000e+03   6.0278465e+03
  -6.4900000e+03   6.0640082e+03
  -6.3500000e+03   6.0949404e+03
  -6.0600000e+03   6.1397624e+03
  -5.7600000e+03   6.1945915e+03
  -5.5800000e+03   6.2245241e+03
  -5.3700000e+03   6.2622212e+03
  -5.3100000e+03   6.2708935e+03
  -5.2200000e+03   6.2769033e+03
  -5.0400000e+03   6.2776882e+03
  -4.9900000e+03   6.2794673e+03
  -4.9200000e+03   6.2867425e+03
  -4.7300000e+03   6.3140660e+03
  -4.6500000e+03   6.3179147e+03
  -4.5900000e+03   6.3153314e+03
  -4.5300000e+03   6.3089100e+03
  -4.3000000e+03   6.2646596e+03
  -4.1900000e+03   6.2495238e+03
  -4.1000000e+03   6.2419703e+03
  -3.9300000e+03   6.2337642e+03
  -3.6900000e+03   6.2178817e+03
  -3.5900000e+03   6.2156541e+03
  -3.4800000e+03   6.2179373e+03
  -3.0900000e+03   6.2446952e+03
  -2.9800000e+03   6.2560789e+03
  -2.8900000e+03   6.2702697e+03
  -2.8000000e+03   6.2901211e+03
  -2.6200000e+03   6.3358351e+03
  -2.4800000e+03   6.3597762e+03
  -2.4200000e+03   6.3727639e+03
  -2.3700000e+03   6.3863626e+03
  -2.3100000e+03   6.4068161e+03
  -2.2000000e+03   6.4560352e+03
  -2.1600000e+03   6.4711651e+03
  -2.1000000e+03   6.4879578e+03
  -2.0300000e+03   6.5013146e+03
  -1.9700000e+03   6.5084777e+03
  -1.8900000e+03   6.5132325e+03
  -1.7200000e+03   6.5141984e+03
  -1.5900000e+03   6.5184978e+03
  -1.4100000e+03   6.5351972e+03
  -1.2500000e+03   6.5448905e+03
  -1.1900000e+03   6.5520601e+03
  -1.1300000e+03   6.5620224e+03
  -9.5000000e+02   6.6027651e+03
  -8.1000000e+02   6.6223977e+03
  -7.1000000e+02   6.6479649e+03
  -6.7000000e+02   6.6550481e+03
  -6.3000000e+02   6.6577863e+03
  -4.9000000e+02   6.6583451e+03
  -4.0000000e+02   6.6623291e+03
  -3.3000000e+02   6.6688644e+03
  -1.6000000e+02   6.6900269e+03
  -7.0000000e+01   6.6972058e+03
   5.0000000e+01   6.6980681e+03
   2.6000000e+02   6.6895292e+03
   5.6000000e+02   6.6933172e+03
   6.3000000e+02   6.6921668e+03
   6.9000000e+02   6.6885429e+03
   9.6000000e+02   6.6538920e+03
   1.1900000e+03   6.6302043e+03
   1.4400000e+03   6.5971204e+03
   1.7300000e+03   6.5695973e+03
   2.0000000e+03   6.5275458e+03
   2.1160661e+03   6.5127239e+03
